1000	6568.107724	26.029840	1000	5237.776423	35.008138	1000	5346.994919	24.411837	1000	5083.293699	24.034032	1000	5063.936992	24.160789	1000	6433.054878	24.519605	1000	5373.036585	34.911714	1000	5105.060976	27.907275	1000	3627.660750	25.124455	1000	7188.223577	30.313687	1000	6000.313008	24.478668	1000	5335.634146	24.429593	1000	6534.916667	28.385943	1000	4985.719512	24.106782	1000	5164.257114	24.347226	1000	5921.078252	23.927004	1000	5898.201220	27.393095	1000	5572.735772	24.148705	1000	5973.607724	24.860419	1000	6075.565041	25.236498
2000	9376.199723	24.259074	2000	8586.899445	23.778055	2000	8624.904300	23.662338	2000	8501.864771	23.791209	2000	7983.696949	29.330003	2000	8065.505548	23.586913	2000	8537.699029	23.718615	2000	8246.997226	23.545455	2000	10428.904375	23.513737	2000	8678.072122	23.705295	2000	8471.743412	23.678488	2000	8754.819001	23.718948	2000	8305.743412	32.444389	2000	8308.457004	23.576923	2000	8695.868239	23.583084	2000	8673.571429	23.840160	2000	9171.247573	26.527972	2000	8290.633148	23.824675	2000	8926.601248	23.681652	2000	8270.281553	23.664669
3000	14199.626848	23.999436	3000	14398.213230	24.105575	3000	14322.241634	23.639278	3000	14408.317899	24.165084	3000	14475.447860	23.940021	3000	14349.770039	29.050766	3000	14360.732685	24.825891	3000	14270.449416	24.383567	3000	11836.167067	23.759582	3000	14729.856809	25.851932	3000	14380.469261	23.706308	3000	14131.017899	23.640970	3000	14354.983658	28.269531	3000	14053.000778	24.713547	3000	14033.961868	28.132744	3000	14236.897665	23.792329	3000	16038.701556	26.927893	3000	14328.914397	24.499483	3000	14150.126459	23.876939	3000	14370.891051	23.733383
4000	9504.708185	25.461765	4000	9334.774833	24.322098	4000	8981.994905	24.360859	4000	9486.513751	25.461765	4000	9313.487436	24.800716	4000	9647.058434	26.040447	4000	8917.949537	23.896145	4000	9751.366461	25.331999	4000	20983.263379	23.597412	4000	8824.978209	26.980619	4000	9022.132326	24.220982	4000	8950.798539	23.912155	4000	9311.630428	24.142195	4000	9054.876313	24.048873	4000	9421.913493	23.962503	4000	8716.954571	23.945018	4000	9902.611245	26.812934	4000	9754.164229	24.084685	4000	8923.461720	24.017274	4000	8909.968894	29.458395
5000	25522.314999	24.585388	5000	24952.224090	24.749540	5000	25269.497326	23.765489	5000	24973.400815	24.233836	5000	25429.448434	24.698565	5000	25213.099567	24.895718	5000	25181.628470	24.590541	5000	25150.123759	24.718317	5000	33200.503156	23.735621	5000	25115.196078	23.720525	5000	25050.605551	24.602196	5000	24969.891520	24.839652	5000	25018.095493	23.804196	5000	24972.253119	23.750644	5000	24904.198370	23.823764	5000	24959.336389	23.806097	5000	28723.729310	26.553490	5000	25294.638910	24.884738	5000	24930.559460	23.752607	5000	24814.177489	23.879647
6000	12836.324829	23.552462	6000	13499.260100	24.523161	6000	13376.438317	23.761945	6000	13388.254517	23.637812	6000	13275.786643	24.679757	6000	13332.542173	23.610942	6000	13573.284892	23.688389	6000	13453.460222	24.496900	6000	25735.202685	23.921744	6000	13404.316739	24.779210	6000	13092.687257	23.834650	6000	13278.055983	24.184802	6000	13726.032482	24.704924	6000	13098.467808	28.440608	6000	13323.772914	23.890942	6000	13073.071173	23.751976	6000	15922.545898	26.841094	6000	13775.280220	26.266991	6000	13212.853094	23.604985	6000	13558.831572	23.717447
7000	30714.219607	24.687988	7000	30495.262794	24.398502	7000	30169.284604	24.442728	7000	30359.948607	24.176234	7000	30027.326927	25.290209	7000	29994.836105	29.370137	7000	30414.506802	24.415913	7000	30039.279421	25.116869	7000	44390.244360	24.074678	7000	30080.561650	24.188788	7000	30201.768301	24.428158	7000	30266.605485	24.399742	7000	29954.429929	26.981348	7000	30206.680199	24.360940	7000	30080.414813	24.148489	7000	30163.340747	24.003823	7000	33778.557979	27.432136	7000	30097.689052	25.991682	7000	30171.497301	30.254766	7000	30389.313539	24.901679
8000	18825.211298	24.740169	8000	18352.010395	23.902621	8000	17897.092771	24.038462	8000	18127.838441	23.848206	8000	17782.943173	24.398914	8000	17699.096468	23.945783	8000	17845.119684	23.904607	8000	18143.140118	24.171918	8000	27519.523793	25.427114	8000	17807.301849	24.130809	8000	17849.609664	24.245532	8000	17655.328399	24.090428	8000	17716.166841	23.813518	8000	17912.453252	23.898914	8000	17651.591525	24.034225	8000	17864.011347	23.936250	8000	20091.001448	36.844764	8000	17394.904527	24.077850	8000	17734.051401	23.852774	8000	17810.129592	24.953462
9000	24893.961673	36.676695	9000	23233.118219	24.912707	9000	23007.024561	26.700170	9000	23104.728205	23.902574	9000	23125.364372	24.771603	9000	23106.533333	23.638366	9000	23311.197301	32.120020	9000	23126.737652	23.865316	9000	53561.281950	23.788959	9000	23167.496086	26.364277	9000	23011.866667	25.088678	9000	24027.429420	24.816351	9000	23037.195682	33.308327	9000	22699.280702	24.310340	9000	22667.279892	24.903896	9000	22895.006748	23.641198	9000	24037.887989	26.896658	9000	23047.937922	23.770911	9000	23114.618893	23.765435	9000	23305.434548	24.599849
10000	41521.605591	25.072401	10000	41305.906523	24.570063	10000	41192.204875	23.768771	10000	41454.374767	23.636242	10000	41337.483728	26.215518	10000	41467.650179	23.850729	10000	41381.099355	25.714590	10000	41386.283154	23.776850	10000	28421.924693	26.073286	10000	40939.099211	24.493640	10000	41614.500789	25.569651	10000	41742.358710	23.764611	10000	41510.984659	23.706511	10000	40871.644588	23.923061	10000	41178.885735	23.838181	10000	41143.693763	24.070923	10000	41557.069247	23.674780	10000	41426.100072	23.699429	10000	41478.002581	25.221088	10000	41519.030394	24.879057
11000	25258.588748	26.415908	11000	24540.422935	24.128416	11000	25269.246192	23.801768	11000	25034.856455	23.958396	11000	25789.540877	25.029504	11000	24980.519403	23.783956	11000	24867.466905	24.119646	11000	26020.048452	23.912848	11000	64469.141641	23.399827	11000	25114.115367	25.829368	11000	25363.596791	23.949014	11000	25007.506794	24.521346	11000	25196.067775	25.745207	11000	25555.354489	24.132019	11000	25198.161550	24.175799	11000	25390.299652	24.827532	11000	25439.199581	32.964378	11000	25239.546284	25.424677	11000	25224.261885	25.078246	11000	25223.331118	23.889531
12000	21862.691425	23.849704	12000	21622.186374	23.600611	12000	21719.925381	23.928767	12000	21658.434106	25.002355	12000	21825.580023	23.914635	12000	21650.579989	23.472150	12000	21876.258815	26.117449	12000	21948.384725	23.825705	12000	37837.207713	23.474083	12000	21554.732533	23.747024	12000	21772.041027	23.632567	12000	21704.305680	25.481953	12000	21688.402989	24.597747	12000	21728.394939	23.892800	12000	21790.816493	24.150423	12000	21584.621920	23.775670	12000	21881.841443	28.772678	12000	21888.410343	24.350500	12000	21463.285909	28.441085	12000	21931.829839	23.596792
13000	69651.989917	24.428158	13000	69911.248996	27.843060	13000	70491.500812	24.969456	13000	70285.964624	24.712073	13000	70198.686832	25.535590	13000	70088.931812	25.471462	13000	70458.428608	24.791112	13000	70693.103905	25.211908	13000	65752.809876	23.960017	13000	70139.173887	24.549963	13000	70061.793130	24.810365	13000	69275.491156	23.887853	13000	69270.370674	25.354330	13000	69562.068957	23.937505	13000	69527.767325	24.448838	13000	69615.130394	24.126313	13000	70180.693326	25.280503	13000	70137.997778	24.960894	13000	70152.960181	24.528187	13000	71250.220029	23.980582
14000	43147.981023	23.979649	14000	42916.320039	24.407816	14000	42859.060148	24.225597	14000	42763.762946	23.544170	14000	42942.559505	24.665222	14000	42891.818591	23.651881	14000	43197.078803	23.770182	14000	43261.916854	25.226200	14000	77111.198081	25.150626	14000	43785.908009	28.781714	14000	42820.896269	25.348496	14000	42310.673046	23.599307	14000	43018.673850	23.703437	14000	42820.448537	24.932426	14000	42585.768575	25.061129	14000	42732.463493	23.536971	14000	43268.119331	23.726841	14000	43341.910904	23.673890	14000	42900.512383	26.690096	14000	42663.217272	29.063353
15000	71773.357032	24.621433	15000	71720.101911	23.884857	15000	72269.868996	24.015585	15000	72323.713978	24.054318	15000	72217.446807	24.423684	15000	71576.669306	25.086896	15000	71918.085040	25.547842	15000	71650.995438	24.425714	15000	88085.867781	24.071324	15000	73924.015665	24.786583	15000	71434.115596	23.866578	15000	70512.620675	24.663171	15000	71235.926493	24.079311	15000	71694.137029	23.699024	15000	70948.354364	24.321534	15000	70853.340936	24.052080	15000	70766.694268	23.969701	15000	71407.100448	24.020911	15000	72130.142107	24.460697	15000	72172.685316	24.032143
16000	49526.561881	24.203698	16000	48763.354859	24.168846	16000	49338.584702	23.579142	16000	50450.353856	23.924586	16000	49198.774169	23.770207	16000	49793.994232	26.554941	16000	49212.302947	24.675030	16000	48994.730408	23.805947	16000	92086.187859	23.695477	16000	50059.424577	23.638728	16000	49219.483511	23.633077	16000	48951.315987	23.756509	16000	48998.748339	23.863757	16000	48903.058934	23.945740	16000	48632.679373	23.687396	16000	48510.048903	24.867456	16000	49012.506207	23.614349	16000	49070.674859	24.343757	16000	48962.773542	23.838373	16000	48769.266332	24.557308
17000	40362.545197	25.263717	17000	40172.799894	24.692805	17000	40293.325948	25.771424	17000	40650.544488	24.905438	17000	40499.863169	25.272908	17000	41041.508862	24.424086	17000	40731.554591	24.159759	17000	39900.030840	24.511246	17000	63837.001299	23.845392	17000	40274.583836	24.151503	17000	40433.693017	30.919348	17000	40042.018610	24.345792	17000	40494.881957	40.775816	17000	40026.166608	24.859845	17000	40003.171570	24.152886	17000	39818.489720	23.945703	17000	40286.438674	27.905397	17000	40126.493974	24.197218	17000	41163.737859	25.419571	17000	39865.324176	24.369708
18000	38787.746803	24.024339	18000	38111.868372	25.406766	18000	38134.194544	23.868735	18000	38286.877579	24.045552	18000	38802.321057	25.899793	18000	38804.955840	23.697699	18000	38324.183802	24.157518	18000	38696.889514	25.553854	18000	81024.530115	23.923513	18000	38111.347315	23.873540	18000	38490.374595	23.646091	18000	38232.756351	24.656952	18000	38304.991816	24.612298	18000	38183.467178	25.166269	18000	38555.171697	23.939368	18000	38106.036488	23.835020	18000	43030.438704	23.878189	18000	38417.086104	24.973903	18000	38507.325320	24.296050	18000	38796.357886	25.995038
19000	88396.678436	33.342205	19000	79415.397067	25.511393	19000	80203.803601	23.673686	19000	79668.211531	25.168928	19000	81205.829441	23.964334	19000	80124.472802	24.247733	19000	79472.420346	25.798193	19000	79326.761077	24.007527	19000	54798.833632	23.546097	19000	79251.395049	24.768382	19000	78659.795918	24.295759	19000	80306.531931	25.242398	19000	79189.687515	23.800888	19000	80825.286956	24.778065	19000	79931.082952	28.917869	19000	79533.084737	28.570645	19000	79052.206099	23.823340	19000	79720.870567	24.196435	19000	79608.186001	25.019775	19000	79999.803057	25.712308
20000	158006.976573	24.259386	20000	110384.223313	24.767021	20000	109963.777700	26.547574	20000	109618.363049	24.092508	20000	109809.872990	24.337508	20000	110306.539002	25.161050	20000	109621.095163	24.997544	20000	110140.873876	24.920794	20000	167367.509092	25.463089	20000	109675.262188	25.017955	20000	108644.865392	24.366173	20000	110243.918007	24.789721	20000	108773.663543	24.380040	20000	109314.141953	24.760599	20000	109253.476383	24.345441	20000	117672.960998	52.896325	20000	110697.869317	24.706458	20000	109529.566228	25.142454	20000	109747.634038	24.874678	20000	111579.288527	24.955455
21000	49054.712887	23.882863	21000	48801.843235	23.845673	21000	49195.587233	23.765508	21000	48953.267400	23.936481	21000	52769.054714	25.177470	21000	48850.399088	24.546672	21000	48708.100845	23.827728	21000	48554.506102	23.786826	21000	161580.826998	24.887898	21000	48219.364758	23.840599	21000	49255.828483	23.677640	21000	49083.685128	23.898085	21000	48904.186670	23.576622	21000	48327.940459	37.293957	21000	48250.812927	23.624888	21000	64459.756873	28.182234	21000	49005.903446	24.389066	21000	48660.601582	24.087590	21000	48663.365563	23.847344	21000	48734.925707	23.704774
